customer_time_taken(0.5M) : 152.44155883789062
product_time_taken(0.5M) : 0.04648399353027344
delivery_time_taken(0.5M) : 0.0006852149963378906
