customer_time_taken(0.75M) : 262.2638998031616
product_time_taken(0.75M) : 0.06109809875488281
delivery_time_taken(0.75M) : 0.0009739398956298828
